{
 "cells": [
  {
   "cell_type": "markdown",
   "metadata": {},
   "source": [
    "## Project 4 - Kaggle Competition Starter Code (West Nile Virus Detection)"
   ]
  },
  {
   "cell_type": "code",
   "execution_count": 29,
   "metadata": {
    "collapsed": true
   },
   "outputs": [],
   "source": [
    "import pandas as pd\n",
    "import numpy as np"
   ]
  },
  {
   "cell_type": "code",
   "execution_count": 180,
   "metadata": {
    "collapsed": false
   },
   "outputs": [
    {
     "data": {
      "text/html": [
       "<div>\n",
       "<table border=\"1\" class=\"dataframe\">\n",
       "  <thead>\n",
       "    <tr style=\"text-align: right;\">\n",
       "      <th></th>\n",
       "      <th>Station</th>\n",
       "      <th>Date</th>\n",
       "      <th>Tmax</th>\n",
       "      <th>Tmin</th>\n",
       "      <th>Tavg</th>\n",
       "      <th>Depart</th>\n",
       "      <th>DewPoint</th>\n",
       "      <th>WetBulb</th>\n",
       "      <th>Heat</th>\n",
       "      <th>Cool</th>\n",
       "      <th>...</th>\n",
       "      <th>CodeSum</th>\n",
       "      <th>Depth</th>\n",
       "      <th>Water1</th>\n",
       "      <th>SnowFall</th>\n",
       "      <th>PrecipTotal</th>\n",
       "      <th>StnPressure</th>\n",
       "      <th>SeaLevel</th>\n",
       "      <th>ResultSpeed</th>\n",
       "      <th>ResultDir</th>\n",
       "      <th>AvgSpeed</th>\n",
       "    </tr>\n",
       "  </thead>\n",
       "  <tbody>\n",
       "    <tr>\n",
       "      <th>0</th>\n",
       "      <td>1</td>\n",
       "      <td>2007-05-01</td>\n",
       "      <td>83</td>\n",
       "      <td>50</td>\n",
       "      <td>67</td>\n",
       "      <td>14</td>\n",
       "      <td>51</td>\n",
       "      <td>56</td>\n",
       "      <td>0</td>\n",
       "      <td>2</td>\n",
       "      <td>...</td>\n",
       "      <td></td>\n",
       "      <td>0</td>\n",
       "      <td>M</td>\n",
       "      <td>0.0</td>\n",
       "      <td>0.00</td>\n",
       "      <td>29.10</td>\n",
       "      <td>29.82</td>\n",
       "      <td>1.7</td>\n",
       "      <td>27</td>\n",
       "      <td>9.2</td>\n",
       "    </tr>\n",
       "    <tr>\n",
       "      <th>1</th>\n",
       "      <td>2</td>\n",
       "      <td>2007-05-01</td>\n",
       "      <td>84</td>\n",
       "      <td>52</td>\n",
       "      <td>68</td>\n",
       "      <td>M</td>\n",
       "      <td>51</td>\n",
       "      <td>57</td>\n",
       "      <td>0</td>\n",
       "      <td>3</td>\n",
       "      <td>...</td>\n",
       "      <td></td>\n",
       "      <td>M</td>\n",
       "      <td>M</td>\n",
       "      <td>M</td>\n",
       "      <td>0.00</td>\n",
       "      <td>29.18</td>\n",
       "      <td>29.82</td>\n",
       "      <td>2.7</td>\n",
       "      <td>25</td>\n",
       "      <td>9.6</td>\n",
       "    </tr>\n",
       "    <tr>\n",
       "      <th>2</th>\n",
       "      <td>1</td>\n",
       "      <td>2007-05-02</td>\n",
       "      <td>59</td>\n",
       "      <td>42</td>\n",
       "      <td>51</td>\n",
       "      <td>-3</td>\n",
       "      <td>42</td>\n",
       "      <td>47</td>\n",
       "      <td>14</td>\n",
       "      <td>0</td>\n",
       "      <td>...</td>\n",
       "      <td>BR</td>\n",
       "      <td>0</td>\n",
       "      <td>M</td>\n",
       "      <td>0.0</td>\n",
       "      <td>0.00</td>\n",
       "      <td>29.38</td>\n",
       "      <td>30.09</td>\n",
       "      <td>13.0</td>\n",
       "      <td>4</td>\n",
       "      <td>13.4</td>\n",
       "    </tr>\n",
       "    <tr>\n",
       "      <th>3</th>\n",
       "      <td>2</td>\n",
       "      <td>2007-05-02</td>\n",
       "      <td>60</td>\n",
       "      <td>43</td>\n",
       "      <td>52</td>\n",
       "      <td>M</td>\n",
       "      <td>42</td>\n",
       "      <td>47</td>\n",
       "      <td>13</td>\n",
       "      <td>0</td>\n",
       "      <td>...</td>\n",
       "      <td>BR HZ</td>\n",
       "      <td>M</td>\n",
       "      <td>M</td>\n",
       "      <td>M</td>\n",
       "      <td>0.00</td>\n",
       "      <td>29.44</td>\n",
       "      <td>30.08</td>\n",
       "      <td>13.3</td>\n",
       "      <td>2</td>\n",
       "      <td>13.4</td>\n",
       "    </tr>\n",
       "    <tr>\n",
       "      <th>4</th>\n",
       "      <td>1</td>\n",
       "      <td>2007-05-03</td>\n",
       "      <td>66</td>\n",
       "      <td>46</td>\n",
       "      <td>56</td>\n",
       "      <td>2</td>\n",
       "      <td>40</td>\n",
       "      <td>48</td>\n",
       "      <td>9</td>\n",
       "      <td>0</td>\n",
       "      <td>...</td>\n",
       "      <td></td>\n",
       "      <td>0</td>\n",
       "      <td>M</td>\n",
       "      <td>0.0</td>\n",
       "      <td>0.00</td>\n",
       "      <td>29.39</td>\n",
       "      <td>30.12</td>\n",
       "      <td>11.7</td>\n",
       "      <td>7</td>\n",
       "      <td>11.9</td>\n",
       "    </tr>\n",
       "  </tbody>\n",
       "</table>\n",
       "<p>5 rows × 22 columns</p>\n",
       "</div>"
      ],
      "text/plain": [
       "   Station        Date  Tmax  Tmin Tavg Depart  DewPoint WetBulb Heat Cool  \\\n",
       "0        1  2007-05-01    83    50   67     14        51      56    0    2   \n",
       "1        2  2007-05-01    84    52   68      M        51      57    0    3   \n",
       "2        1  2007-05-02    59    42   51     -3        42      47   14    0   \n",
       "3        2  2007-05-02    60    43   52      M        42      47   13    0   \n",
       "4        1  2007-05-03    66    46   56      2        40      48    9    0   \n",
       "\n",
       "     ...    CodeSum Depth Water1 SnowFall PrecipTotal StnPressure SeaLevel  \\\n",
       "0    ...                0      M      0.0        0.00       29.10    29.82   \n",
       "1    ...                M      M        M        0.00       29.18    29.82   \n",
       "2    ...         BR     0      M      0.0        0.00       29.38    30.09   \n",
       "3    ...      BR HZ     M      M        M        0.00       29.44    30.08   \n",
       "4    ...                0      M      0.0        0.00       29.39    30.12   \n",
       "\n",
       "  ResultSpeed ResultDir  AvgSpeed  \n",
       "0         1.7        27       9.2  \n",
       "1         2.7        25       9.6  \n",
       "2        13.0         4      13.4  \n",
       "3        13.3         2      13.4  \n",
       "4        11.7         7      11.9  \n",
       "\n",
       "[5 rows x 22 columns]"
      ]
     },
     "execution_count": 180,
     "metadata": {},
     "output_type": "execute_result"
    }
   ],
   "source": [
    "weather = pd.read_csv(\"../assets/weather.csv\")\n",
    "weather.head()"
   ]
  },
  {
   "cell_type": "code",
   "execution_count": 181,
   "metadata": {
    "collapsed": true
   },
   "outputs": [],
   "source": [
    "weather = weather[weather.Station == 1]"
   ]
  },
  {
   "cell_type": "code",
   "execution_count": 182,
   "metadata": {
    "collapsed": false
   },
   "outputs": [
    {
     "data": {
      "text/plain": [
       "Index([u'Station', u'Date', u'Tmax', u'Tmin', u'Tavg', u'Depart', u'DewPoint',\n",
       "       u'WetBulb', u'Heat', u'Cool', u'Sunrise', u'Sunset', u'CodeSum',\n",
       "       u'Depth', u'Water1', u'SnowFall', u'PrecipTotal', u'StnPressure',\n",
       "       u'SeaLevel', u'ResultSpeed', u'ResultDir', u'AvgSpeed'],\n",
       "      dtype='object')"
      ]
     },
     "execution_count": 182,
     "metadata": {},
     "output_type": "execute_result"
    }
   ],
   "source": [
    "weather.columns"
   ]
  },
  {
   "cell_type": "code",
   "execution_count": 183,
   "metadata": {
    "collapsed": false
   },
   "outputs": [],
   "source": [
    "weather.drop([\"CodeSum\",\"Depth\",\"Station\", \"SnowFall\", \"Water1\"], axis=1, inplace=True)"
   ]
  },
  {
   "cell_type": "code",
   "execution_count": 184,
   "metadata": {
    "collapsed": false
   },
   "outputs": [
    {
     "data": {
      "text/plain": [
       "Index([u'Date', u'Tmax', u'Tmin', u'Tavg', u'Depart', u'DewPoint', u'WetBulb',\n",
       "       u'Heat', u'Cool', u'Sunrise', u'Sunset', u'PrecipTotal', u'StnPressure',\n",
       "       u'SeaLevel', u'ResultSpeed', u'ResultDir', u'AvgSpeed'],\n",
       "      dtype='object')"
      ]
     },
     "execution_count": 184,
     "metadata": {},
     "output_type": "execute_result"
    }
   ],
   "source": [
    "weather.columns"
   ]
  },
  {
   "cell_type": "code",
   "execution_count": 191,
   "metadata": {
    "collapsed": false
   },
   "outputs": [
    {
     "name": "stdout",
     "output_type": "stream",
     "text": [
      "missing values \n",
      "Date           0\n",
      "Tmax           0\n",
      "Tmin           0\n",
      "Tavg           0\n",
      "Depart         0\n",
      "DewPoint       0\n",
      "WetBulb        0\n",
      "Heat           0\n",
      "Cool           0\n",
      "Sunrise        0\n",
      "Sunset         0\n",
      "PrecipTotal    0\n",
      "StnPressure    0\n",
      "SeaLevel       0\n",
      "ResultSpeed    0\n",
      "ResultDir      0\n",
      "AvgSpeed       0\n",
      "dtype: int64\n",
      "dataframe types \n",
      "Date           datetime64[ns]\n",
      "Tmax                    int64\n",
      "Tmin                    int64\n",
      "Tavg                  float64\n",
      "Depart                float64\n",
      "DewPoint                int64\n",
      "WetBulb               float64\n",
      "Heat                  float64\n",
      "Cool                  float64\n",
      "Sunrise                object\n",
      "Sunset                 object\n",
      "PrecipTotal           float64\n",
      "StnPressure            object\n",
      "SeaLevel               object\n",
      "ResultSpeed           float64\n",
      "ResultDir               int64\n",
      "AvgSpeed               object\n",
      "dtype: object\n",
      "dataframe shape \n",
      "(1472, 17)\n",
      "dataframe describe \n",
      "             Tmax         Tmin         Tavg       Depart     DewPoint  \\\n",
      "count  1472.00000  1472.000000  1472.000000  1472.000000  1472.000000   \n",
      "mean     75.97894    56.730978    66.606658     1.954484    53.377717   \n",
      "std      11.50315    10.347907    10.511437     6.841110    10.670263   \n",
      "min      42.00000    29.000000    36.000000   -17.000000    22.000000   \n",
      "25%      68.00000    49.000000    60.000000    -3.000000    46.000000   \n",
      "50%      78.00000    58.000000    68.000000     2.000000    54.000000   \n",
      "75%      85.00000    65.000000    75.000000     7.000000    61.250000   \n",
      "max     103.00000    82.000000    93.000000    23.000000    75.000000   \n",
      "\n",
      "           WetBulb         Heat         Cool  PrecipTotal  ResultSpeed  \\\n",
      "count  1472.000000  1472.000000  1472.000000  1472.000000  1472.000000   \n",
      "mean     59.051630     3.631114     5.237772     0.134538     6.987092   \n",
      "std       9.320856     6.133829     5.899382     0.421066     3.586353   \n",
      "min      32.000000     0.000000     0.000000     0.000000     0.100000   \n",
      "25%      53.000000     0.000000     0.000000     0.000000     4.400000   \n",
      "50%      60.000000     0.000000     3.000000     0.000000     6.400000   \n",
      "75%      66.000000     5.000000    10.000000     0.060000     9.100000   \n",
      "max      78.000000    29.000000    28.000000     6.860000    24.100000   \n",
      "\n",
      "         ResultDir  \n",
      "count  1472.000000  \n",
      "mean     17.656250  \n",
      "std      10.222077  \n",
      "min       1.000000  \n",
      "25%       7.000000  \n",
      "50%      19.500000  \n",
      "75%      26.000000  \n",
      "max      36.000000  \n",
      "dataframe length = 1472\n",
      "duplicates 0\n",
      "Date\n",
      "1472\n",
      "Tmax\n",
      "60\n",
      "Tmin\n",
      "53\n",
      "Tavg\n",
      "56\n",
      "Depart\n",
      "41\n",
      "DewPoint\n",
      "54\n",
      "WetBulb\n",
      "47\n",
      "Heat\n",
      "30\n",
      "Cool\n",
      "27\n",
      "Sunrise\n",
      "121\n",
      "Sunset\n",
      "118\n",
      "PrecipTotal\n",
      "125\n",
      "StnPressure\n",
      "94\n",
      "SeaLevel\n",
      "97\n",
      "ResultSpeed\n",
      "180\n",
      "ResultDir\n",
      "36\n",
      "AvgSpeed\n",
      "164\n"
     ]
    }
   ],
   "source": [
    "def eda(dataframe): #Ritkas code chunk to check quality of data\n",
    "    print \"missing values \\n\", dataframe.isnull().sum() #shows total amount of null values for each column\n",
    "    print \"dataframe types \\n\", dataframe.dtypes\n",
    "    print \"dataframe shape \\n\", dataframe.shape     \n",
    "    print \"dataframe describe \\n\", dataframe.describe()\n",
    "    print \"dataframe length =\", len(dataframe) #length of the dataframe\n",
    "    print \"duplicates\", dataframe.duplicated().sum() # added this to duplicates in the data\n",
    "    for item in dataframe:\n",
    "        print item\n",
    "        print dataframe[item].nunique()\n",
    "        \n",
    "eda(weather)"
   ]
  },
  {
   "cell_type": "code",
   "execution_count": 186,
   "metadata": {
    "collapsed": false
   },
   "outputs": [],
   "source": [
    "weather[weather['Tavg'] == 'M']\n",
    "weather.ix[weather.Tavg == \"M\", \"Tavg\"] = ((weather.Tmax + weather.Tmin)/2)\n",
    "#Mike's piece of code for imputing missing values, this time replacing missing values in Tavg \n",
    "# with the average of TMax and TMin"
   ]
  },
  {
   "cell_type": "code",
   "execution_count": 188,
   "metadata": {
    "collapsed": false
   },
   "outputs": [],
   "source": [
    "weather.ix[weather.WetBulb == \"M\", \"WetBulb\"] = ((weather.Tavg + weather.DewPoint)/2)"
   ]
  },
  {
   "cell_type": "code",
   "execution_count": 204,
   "metadata": {
    "collapsed": false
   },
   "outputs": [],
   "source": [
    "weather.Date = pd.to_datetime(weather[\"Date\"])\n",
    "weather['Tavg']= weather['Tavg'].astype('float')\n",
    "weather['Heat']= weather['Heat'].astype('float')\n",
    "weather['Cool']= weather['Cool'].astype('float')\n",
    "weather['Depart']= weather['Depart'].astype('float')\n",
    "weather['WetBulb']= weather['WetBulb'].astype('float')\n",
    "weather.fillna(method='pad')\n",
    "weather['SeaLevel']= weather['SeaLevel'].astype('float')\n",
    "weather['StnPressure']= weather['StnPressure'].astype('float')"
   ]
  },
  {
   "cell_type": "code",
   "execution_count": 189,
   "metadata": {
    "collapsed": false
   },
   "outputs": [],
   "source": [
    "weather.PrecipTotal = weather.PrecipTotal.str.replace(r'T', '0').astype(float)"
   ]
  },
  {
   "cell_type": "code",
   "execution_count": 200,
   "metadata": {
    "collapsed": false
   },
   "outputs": [],
   "source": [
    "weather.StnPressure = weather.StnPressure.str.replace(r'M', 'NaN')"
   ]
  },
  {
   "cell_type": "code",
   "execution_count": 203,
   "metadata": {
    "collapsed": true
   },
   "outputs": [],
   "source": [
    "weather.SeaLevel = weather.SeaLevel.str.replace(r'M', 'NaN')\n"
   ]
  },
  {
   "cell_type": "code",
   "execution_count": 205,
   "metadata": {
    "collapsed": false
   },
   "outputs": [
    {
     "data": {
      "text/html": [
       "<div>\n",
       "<table border=\"1\" class=\"dataframe\">\n",
       "  <thead>\n",
       "    <tr style=\"text-align: right;\">\n",
       "      <th></th>\n",
       "      <th>Tmax</th>\n",
       "      <th>Tmin</th>\n",
       "      <th>Tavg</th>\n",
       "      <th>Depart</th>\n",
       "      <th>DewPoint</th>\n",
       "      <th>WetBulb</th>\n",
       "      <th>Heat</th>\n",
       "      <th>Cool</th>\n",
       "      <th>PrecipTotal</th>\n",
       "      <th>StnPressure</th>\n",
       "      <th>SeaLevel</th>\n",
       "      <th>ResultSpeed</th>\n",
       "      <th>ResultDir</th>\n",
       "    </tr>\n",
       "  </thead>\n",
       "  <tbody>\n",
       "    <tr>\n",
       "      <th>Tmax</th>\n",
       "      <td>1.000000</td>\n",
       "      <td>0.851965</td>\n",
       "      <td>0.966207</td>\n",
       "      <td>0.683311</td>\n",
       "      <td>0.803170</td>\n",
       "      <td>0.904997</td>\n",
       "      <td>-0.867658</td>\n",
       "      <td>0.819434</td>\n",
       "      <td>0.041751</td>\n",
       "      <td>-0.150681</td>\n",
       "      <td>-0.179273</td>\n",
       "      <td>-0.187049</td>\n",
       "      <td>0.034667</td>\n",
       "    </tr>\n",
       "    <tr>\n",
       "      <th>Tmin</th>\n",
       "      <td>0.851965</td>\n",
       "      <td>1.000000</td>\n",
       "      <td>0.957567</td>\n",
       "      <td>0.578054</td>\n",
       "      <td>0.913338</td>\n",
       "      <td>0.953239</td>\n",
       "      <td>-0.820863</td>\n",
       "      <td>0.852695</td>\n",
       "      <td>0.127415</td>\n",
       "      <td>-0.235055</td>\n",
       "      <td>-0.272383</td>\n",
       "      <td>-0.112225</td>\n",
       "      <td>0.009511</td>\n",
       "    </tr>\n",
       "    <tr>\n",
       "      <th>Tavg</th>\n",
       "      <td>0.966207</td>\n",
       "      <td>0.957567</td>\n",
       "      <td>1.000000</td>\n",
       "      <td>0.658357</td>\n",
       "      <td>0.888062</td>\n",
       "      <td>0.963578</td>\n",
       "      <td>-0.878719</td>\n",
       "      <td>0.868146</td>\n",
       "      <td>0.085286</td>\n",
       "      <td>-0.198341</td>\n",
       "      <td>-0.232269</td>\n",
       "      <td>-0.158167</td>\n",
       "      <td>0.024257</td>\n",
       "    </tr>\n",
       "    <tr>\n",
       "      <th>Depart</th>\n",
       "      <td>0.683311</td>\n",
       "      <td>0.578054</td>\n",
       "      <td>0.658357</td>\n",
       "      <td>1.000000</td>\n",
       "      <td>0.554093</td>\n",
       "      <td>0.612308</td>\n",
       "      <td>-0.525621</td>\n",
       "      <td>0.626541</td>\n",
       "      <td>0.065823</td>\n",
       "      <td>-0.269351</td>\n",
       "      <td>-0.277593</td>\n",
       "      <td>0.020585</td>\n",
       "      <td>0.107721</td>\n",
       "    </tr>\n",
       "    <tr>\n",
       "      <th>DewPoint</th>\n",
       "      <td>0.803170</td>\n",
       "      <td>0.913338</td>\n",
       "      <td>0.888062</td>\n",
       "      <td>0.554093</td>\n",
       "      <td>1.000000</td>\n",
       "      <td>0.973394</td>\n",
       "      <td>-0.783307</td>\n",
       "      <td>0.767900</td>\n",
       "      <td>0.228370</td>\n",
       "      <td>-0.302550</td>\n",
       "      <td>-0.329853</td>\n",
       "      <td>-0.191599</td>\n",
       "      <td>0.013438</td>\n",
       "    </tr>\n",
       "    <tr>\n",
       "      <th>WetBulb</th>\n",
       "      <td>0.904997</td>\n",
       "      <td>0.953239</td>\n",
       "      <td>0.963578</td>\n",
       "      <td>0.612308</td>\n",
       "      <td>0.973394</td>\n",
       "      <td>1.000000</td>\n",
       "      <td>-0.854771</td>\n",
       "      <td>0.828149</td>\n",
       "      <td>0.167051</td>\n",
       "      <td>-0.257691</td>\n",
       "      <td>-0.288195</td>\n",
       "      <td>-0.181671</td>\n",
       "      <td>0.018352</td>\n",
       "    </tr>\n",
       "    <tr>\n",
       "      <th>Heat</th>\n",
       "      <td>-0.867658</td>\n",
       "      <td>-0.820863</td>\n",
       "      <td>-0.878719</td>\n",
       "      <td>-0.525621</td>\n",
       "      <td>-0.783307</td>\n",
       "      <td>-0.854771</td>\n",
       "      <td>1.000000</td>\n",
       "      <td>-0.525949</td>\n",
       "      <td>-0.065560</td>\n",
       "      <td>0.167860</td>\n",
       "      <td>0.196932</td>\n",
       "      <td>0.207425</td>\n",
       "      <td>0.068331</td>\n",
       "    </tr>\n",
       "    <tr>\n",
       "      <th>Cool</th>\n",
       "      <td>0.819434</td>\n",
       "      <td>0.852695</td>\n",
       "      <td>0.868146</td>\n",
       "      <td>0.626541</td>\n",
       "      <td>0.767900</td>\n",
       "      <td>0.828149</td>\n",
       "      <td>-0.525949</td>\n",
       "      <td>1.000000</td>\n",
       "      <td>0.083796</td>\n",
       "      <td>-0.178844</td>\n",
       "      <td>-0.209210</td>\n",
       "      <td>-0.066151</td>\n",
       "      <td>0.114267</td>\n",
       "    </tr>\n",
       "    <tr>\n",
       "      <th>PrecipTotal</th>\n",
       "      <td>0.041751</td>\n",
       "      <td>0.127415</td>\n",
       "      <td>0.085286</td>\n",
       "      <td>0.065823</td>\n",
       "      <td>0.228370</td>\n",
       "      <td>0.167051</td>\n",
       "      <td>-0.065560</td>\n",
       "      <td>0.083796</td>\n",
       "      <td>1.000000</td>\n",
       "      <td>-0.256333</td>\n",
       "      <td>-0.247023</td>\n",
       "      <td>-0.029755</td>\n",
       "      <td>0.055047</td>\n",
       "    </tr>\n",
       "    <tr>\n",
       "      <th>StnPressure</th>\n",
       "      <td>-0.150681</td>\n",
       "      <td>-0.235055</td>\n",
       "      <td>-0.198341</td>\n",
       "      <td>-0.269351</td>\n",
       "      <td>-0.302550</td>\n",
       "      <td>-0.257691</td>\n",
       "      <td>0.167860</td>\n",
       "      <td>-0.178844</td>\n",
       "      <td>-0.256333</td>\n",
       "      <td>1.000000</td>\n",
       "      <td>0.993641</td>\n",
       "      <td>-0.225327</td>\n",
       "      <td>-0.235858</td>\n",
       "    </tr>\n",
       "    <tr>\n",
       "      <th>SeaLevel</th>\n",
       "      <td>-0.179273</td>\n",
       "      <td>-0.272383</td>\n",
       "      <td>-0.232269</td>\n",
       "      <td>-0.277593</td>\n",
       "      <td>-0.329853</td>\n",
       "      <td>-0.288195</td>\n",
       "      <td>0.196932</td>\n",
       "      <td>-0.209210</td>\n",
       "      <td>-0.247023</td>\n",
       "      <td>0.993641</td>\n",
       "      <td>1.000000</td>\n",
       "      <td>-0.222559</td>\n",
       "      <td>-0.244752</td>\n",
       "    </tr>\n",
       "    <tr>\n",
       "      <th>ResultSpeed</th>\n",
       "      <td>-0.187049</td>\n",
       "      <td>-0.112225</td>\n",
       "      <td>-0.158167</td>\n",
       "      <td>0.020585</td>\n",
       "      <td>-0.191599</td>\n",
       "      <td>-0.181671</td>\n",
       "      <td>0.207425</td>\n",
       "      <td>-0.066151</td>\n",
       "      <td>-0.029755</td>\n",
       "      <td>-0.225327</td>\n",
       "      <td>-0.222559</td>\n",
       "      <td>1.000000</td>\n",
       "      <td>0.094227</td>\n",
       "    </tr>\n",
       "    <tr>\n",
       "      <th>ResultDir</th>\n",
       "      <td>0.034667</td>\n",
       "      <td>0.009511</td>\n",
       "      <td>0.024257</td>\n",
       "      <td>0.107721</td>\n",
       "      <td>0.013438</td>\n",
       "      <td>0.018352</td>\n",
       "      <td>0.068331</td>\n",
       "      <td>0.114267</td>\n",
       "      <td>0.055047</td>\n",
       "      <td>-0.235858</td>\n",
       "      <td>-0.244752</td>\n",
       "      <td>0.094227</td>\n",
       "      <td>1.000000</td>\n",
       "    </tr>\n",
       "  </tbody>\n",
       "</table>\n",
       "</div>"
      ],
      "text/plain": [
       "                 Tmax      Tmin      Tavg    Depart  DewPoint   WetBulb  \\\n",
       "Tmax         1.000000  0.851965  0.966207  0.683311  0.803170  0.904997   \n",
       "Tmin         0.851965  1.000000  0.957567  0.578054  0.913338  0.953239   \n",
       "Tavg         0.966207  0.957567  1.000000  0.658357  0.888062  0.963578   \n",
       "Depart       0.683311  0.578054  0.658357  1.000000  0.554093  0.612308   \n",
       "DewPoint     0.803170  0.913338  0.888062  0.554093  1.000000  0.973394   \n",
       "WetBulb      0.904997  0.953239  0.963578  0.612308  0.973394  1.000000   \n",
       "Heat        -0.867658 -0.820863 -0.878719 -0.525621 -0.783307 -0.854771   \n",
       "Cool         0.819434  0.852695  0.868146  0.626541  0.767900  0.828149   \n",
       "PrecipTotal  0.041751  0.127415  0.085286  0.065823  0.228370  0.167051   \n",
       "StnPressure -0.150681 -0.235055 -0.198341 -0.269351 -0.302550 -0.257691   \n",
       "SeaLevel    -0.179273 -0.272383 -0.232269 -0.277593 -0.329853 -0.288195   \n",
       "ResultSpeed -0.187049 -0.112225 -0.158167  0.020585 -0.191599 -0.181671   \n",
       "ResultDir    0.034667  0.009511  0.024257  0.107721  0.013438  0.018352   \n",
       "\n",
       "                 Heat      Cool  PrecipTotal  StnPressure  SeaLevel  \\\n",
       "Tmax        -0.867658  0.819434     0.041751    -0.150681 -0.179273   \n",
       "Tmin        -0.820863  0.852695     0.127415    -0.235055 -0.272383   \n",
       "Tavg        -0.878719  0.868146     0.085286    -0.198341 -0.232269   \n",
       "Depart      -0.525621  0.626541     0.065823    -0.269351 -0.277593   \n",
       "DewPoint    -0.783307  0.767900     0.228370    -0.302550 -0.329853   \n",
       "WetBulb     -0.854771  0.828149     0.167051    -0.257691 -0.288195   \n",
       "Heat         1.000000 -0.525949    -0.065560     0.167860  0.196932   \n",
       "Cool        -0.525949  1.000000     0.083796    -0.178844 -0.209210   \n",
       "PrecipTotal -0.065560  0.083796     1.000000    -0.256333 -0.247023   \n",
       "StnPressure  0.167860 -0.178844    -0.256333     1.000000  0.993641   \n",
       "SeaLevel     0.196932 -0.209210    -0.247023     0.993641  1.000000   \n",
       "ResultSpeed  0.207425 -0.066151    -0.029755    -0.225327 -0.222559   \n",
       "ResultDir    0.068331  0.114267     0.055047    -0.235858 -0.244752   \n",
       "\n",
       "             ResultSpeed  ResultDir  \n",
       "Tmax           -0.187049   0.034667  \n",
       "Tmin           -0.112225   0.009511  \n",
       "Tavg           -0.158167   0.024257  \n",
       "Depart          0.020585   0.107721  \n",
       "DewPoint       -0.191599   0.013438  \n",
       "WetBulb        -0.181671   0.018352  \n",
       "Heat            0.207425   0.068331  \n",
       "Cool           -0.066151   0.114267  \n",
       "PrecipTotal    -0.029755   0.055047  \n",
       "StnPressure    -0.225327  -0.235858  \n",
       "SeaLevel       -0.222559  -0.244752  \n",
       "ResultSpeed     1.000000   0.094227  \n",
       "ResultDir       0.094227   1.000000  "
      ]
     },
     "execution_count": 205,
     "metadata": {},
     "output_type": "execute_result"
    }
   ],
   "source": [
    "weather.corr()"
   ]
  },
  {
   "cell_type": "code",
   "execution_count": 206,
   "metadata": {
    "collapsed": false
   },
   "outputs": [],
   "source": [
    "weather.to_csv('../assets/clean_weather.csv')"
   ]
  },
  {
   "cell_type": "code",
   "execution_count": null,
   "metadata": {
    "collapsed": false
   },
   "outputs": [],
   "source": []
  },
  {
   "cell_type": "code",
   "execution_count": null,
   "metadata": {
    "collapsed": true
   },
   "outputs": [],
   "source": []
  }
 ],
 "metadata": {
  "kernelspec": {
   "display_name": "Python 2",
   "language": "python",
   "name": "python2"
  },
  "language_info": {
   "codemirror_mode": {
    "name": "ipython",
    "version": 2
   },
   "file_extension": ".py",
   "mimetype": "text/x-python",
   "name": "python",
   "nbconvert_exporter": "python",
   "pygments_lexer": "ipython2",
   "version": "2.7.13"
  }
 },
 "nbformat": 4,
 "nbformat_minor": 2
}
